ratio = ours/max-member whole-column rms; steps 0-107 of the 108-step run (k = step since 33312)
k       T     U     V     Q     P   QCL   QCI
3    0.59  0.31  0.28  0.61  0.28  0.47  0.14
10   0.87  0.81  0.97  0.95  0.96  0.74  0.94
20   0.91  0.88  0.87  0.89  0.87  0.57  0.53
30   0.80  0.85  0.85  0.97  0.92  0.70  0.75
40   0.88  0.85  0.84  0.99  0.92  0.66  1.28
47   0.92  0.83  0.82  1.03  0.90  0.57  1.69
53   0.92  0.79  0.81  1.01  0.93  0.68  0.97
54   0.93  0.80  0.82  0.99  0.92  0.73  0.94
55   0.93  0.81  0.80  0.99  0.89  0.77  1.08
60   0.90  0.78  0.77  1.00  0.91  0.83  0.95
70   0.86  0.75  0.76  0.97  0.81  0.69  0.74
80   0.85  0.74  0.75  1.01  0.86  0.69  0.65
90   0.82  0.77  0.77  1.02  0.85  0.81  0.68
95   0.87  0.77  0.78  1.03  0.89  0.74  0.69
96   0.86  0.77  0.78  1.04  0.86  0.80  0.69
97   0.87  0.78  0.77  1.04  0.83  0.80  0.72
100  0.85  0.79  0.77  1.04  0.83  0.75  0.76
107  0.87  0.76  0.75  1.06  0.84  0.82  0.72
T day2 ratio min 0.81 max 0.93 near steps []
U day2 ratio min 0.74 max 0.82 near steps []
V day2 ratio min 0.74 max 0.82 near steps []
Q day2 ratio min 0.95 max 1.06 near steps [58, 60, 62, 63, 64, 65, 66, 72, 74, 80, 81, 82, 83, 84, 85, 86, 87, 88, 89, 90, 91, 92, 93, 94, 95, 96, 97, 98, 99, 100, 101, 102, 103, 104, 105, 106, 107]
P day2 ratio min 0.80 max 0.95 near steps []
QCL day2 ratio min 0.60 max 1.04 near steps [87]
QCI day2 ratio min 0.62 max 1.10 near steps [55, 56]
