ON run (D199 fix on), land cells (753): PBL gusti (rows col 113, port) vs GHY forcing gusti (recorded ffg col 160)
step ns  #ddml=1(port)  #gusti_pbl!=gusti_ghy  max|diff|  cell112: pbl gusti / ghy gusti
20 1   35   43  3.072   1.236 / 0.000
20 2   35   43  3.072   1.236 / 0.000
21 1   28   39  2.111   0.000 / 0.000
21 2   28   39  2.111   0.000 / 0.000
22 1   36   41  1.794   0.263 / 0.296
22 2   36   41  1.794   0.263 / 0.296
23 1   41   48  3.072   0.266 / 0.000
23 2   41   48  3.072   0.266 / 0.000
24 1   40   43  1.902   0.000 / 0.000
24 2   40   43  1.902   0.000 / 0.000
25 1   33   42  2.576   0.000 / 0.275
25 2   33   42  2.576   0.000 / 0.275
26 1   40   49  3.072   0.000 / 0.000
26 2   40   49  3.072   0.000 / 0.000
27 1   41   49  3.059   0.000 / 0.000
27 2   41   49  3.059   0.000 / 0.000
28 1   40   47  2.566   0.000 / 0.000
28 2   40   47  2.566   0.000 / 0.000
29 1   40   49  2.417   0.000 / 0.000
29 2   40   49  2.417   0.000 / 0.000
30 1   40   52  3.064   0.000 / 0.000
30 2   40   52  3.064   0.000 / 0.000
31 1   43   50  3.073   1.835 / 0.000
31 2   43   50  3.073   1.835 / 0.000
32 1   29   41  3.072   0.000 / 0.000
32 2   29   41  3.072   0.000 / 0.000
