step finite      T      U      V      Q      P    QCL    QCI   (ratio to largest real-member rms)
 0 yes   0.00   0.00   0.00   0.00   0.00   0.00   0.00
 1 yes   0.50   0.07   0.05   0.31   0.00   2.84   0.05
 2 yes   0.59   0.92   0.67   0.60   0.51   1.52   0.12
 3 yes   0.63   0.98   0.67   0.49   0.61   0.47   0.23
 4 yes   0.64   0.99   0.79   0.80   0.51   0.57   0.43
 5 yes   0.69   1.03   0.83   0.83   0.50   0.23   0.24
 6 yes   0.70   0.89   0.83   0.74   0.65   0.75   0.49
 7 yes   0.74   0.87   0.78   0.70   0.78   0.78   1.05
 8 yes   0.79   0.77   0.89   0.74   0.82   0.81   1.12
 9 yes   0.81   0.89   0.91   0.75   0.91   0.94   1.10
10 yes   0.84   0.90   0.93   0.83   0.73   0.86   0.95
11 yes   0.81   0.87   0.92   0.90   0.89   0.83   0.70
12 yes   0.84   0.86   0.90   0.86   0.75   0.86   0.72
13 yes   0.82   0.79   0.88   0.90   0.80   1.00   0.70
14 yes   0.82   0.82   0.86   0.94   0.89   1.01   0.94
15 yes   0.84   0.83   0.86   0.91   0.85   0.80   0.87
16 yes   0.84   0.81   0.84   0.95   0.87   0.74   0.51
17 yes   0.85   0.84   0.83   0.93   0.83   0.46   0.64
18 yes   0.86   0.87   0.85   0.92   0.89   0.59   0.70
19 yes   0.85   0.85   0.85   0.95   0.96   0.47   0.57
20 yes   0.85   0.87   0.85   0.92   0.85   0.68   0.53
21 yes   0.82   0.87   0.87   0.92   1.00   0.71   0.66
22 yes   0.85   0.90   0.87   0.90   0.99   0.63   0.74
23 yes   0.85   0.89   0.86   0.94   0.94   0.69   0.66
24 yes   0.81   0.89   0.87   0.94   0.85   0.64   0.72
25 yes   0.83   0.89   0.85   0.97   0.88   0.69   0.77
26 yes   0.83   0.88   0.86   0.96   0.89   0.79   0.72
27 yes   0.84   0.87   0.86   0.98   0.83   0.90   0.80
28 yes   0.83   0.88   0.88   0.96   0.88   0.79   0.84
29 yes   0.83   0.89   0.88   0.97   0.87   0.86   0.81
30 yes   0.86   0.88   0.87   0.98   0.88   0.86   0.83
31 yes   0.86   0.89   0.86   0.99   0.89   0.92   0.84
32 yes   0.88   0.88   0.87   0.97   0.95   0.84   0.96
33 yes   0.89   0.89   0.88   0.98   0.92   0.79   0.94
34 yes   0.90   0.90   0.86   0.95   0.82   0.83   0.87
35 yes   0.90   0.89   0.85   0.98   0.86   0.82   0.92
36 yes   0.90   0.88   0.85   0.98   0.88   0.76   0.91
37 yes   0.91   0.88   0.84   0.99   0.93   0.75   0.97
38 yes   0.89   0.89   0.85   0.99   0.87   0.71   0.94
39 yes   0.87   0.90   0.85   0.97   0.87   0.98   0.90
40 yes   0.90   0.86   0.84   1.00   0.86   0.68   0.86
41 yes   0.94   0.86   0.82   1.01   0.84   0.68   0.92
42 yes   0.92   0.86   0.83   1.01   0.83   0.68   0.88
43 yes   0.89   0.87   0.82   1.01   0.88   0.65   0.94
44 yes   0.89   0.86   0.80   1.02   0.86   0.72   0.82
45 yes   0.89   0.85   0.81   1.02   0.86   0.67   0.95
46 yes   0.92   0.83   0.79   1.05   0.88   0.66   1.01
47 yes   0.93   0.83   0.79   1.04   0.87   0.72   1.06
48 yes   0.92   0.84   0.78   1.04   0.88   0.69   0.88
49 yes   0.92   0.83   0.79   1.02   0.87   0.67   0.79
50 yes   0.92   0.83   0.78   1.01   0.87   0.68   0.61
51 yes   0.90   0.82   0.79   1.02   0.89   0.73   0.62
52 yes   0.90   0.81   0.79   1.02   0.92   0.72   0.76
53 yes   0.90   0.82   0.79   1.01   0.93   0.65   0.78
T counts {'within': 54} near [] beyond [] worst k3 0.945 41 worst all 0.945 41
U counts {'within': 53, 'near': 1} near [5] beyond [] worst k3 1.028 5 worst all 1.028 5
V counts {'within': 54} near [] beyond [] worst k3 0.932 10 worst all 0.932 10
Q counts {'within': 40, 'near': 14} near [40, 41, 42, 43, 44, 45, 46, 47, 48, 49, 50, 51, 52, 53] beyond [] worst k3 1.048 46 worst all 1.048 46
P counts {'within': 54} near [] beyond [] worst k3 0.997 21 worst all 0.997 21
QCL counts {'within': 50, 'beyond': 1, 'near': 3} near [2, 13, 14] beyond [1] worst k3 1.007 14 worst all 2.837 1
QCI counts {'within': 49, 'near': 5} near [7, 8, 9, 46, 47] beyond [] worst k3 1.122 8 worst all 1.122 8
